EDA SUMMARY
==================================================

Total rows: 600
Date range: 2023-01-01 02:30:00+00:00 to 2023-09-05 06:00:00+00:00

Unique Length values: 469
Unique Weight values: 591

Top 10 Weight frequencies:
Weight
18.03     2
69.36     2
80.99     2
99.74     2
161.51    2
221.37    2
247.24    2
291.01    2
294.96    2
10.72     1

Top 10 Length frequencies:
Length
6.44    4
8.53    4
5.55    3
5.83    3
7.88    3
8.03    3
8.34    3
8.58    3
8.77    3
8.68    3

Descriptive Statistics:
         entry_id  TEMPERATURE   TURBIDITY  DISSOLVED OXYGEN          pH     AMMONIA     NITRATE   Population      Length      Weight
count  600.000000   600.000000  600.000000        600.000000  600.000000  600.000000  600.000000   600.000000  600.000000  600.000000
mean   300.500000    28.425633   35.681567          6.748183    7.508585    0.776531   24.846267  1157.575000   10.319767  146.542183
std    173.349358     1.485258   14.242545          1.037354    0.402531    0.418149   11.708521   197.298697    3.091609   83.692893
min      1.000000    25.630000   10.140000          5.000000    6.801000    0.017400    5.130000   800.000000    5.010000    9.240000
25%    150.750000    27.080000   22.930000          5.840000    7.148500    0.447100   14.545000   985.750000    7.965000   81.382500
50%    300.500000    28.405000   36.605000          6.720000    7.532500    0.774100   24.705000  1165.500000    9.985000  129.565000
75%    450.250000    29.660000   47.617500          7.710000    7.851000    1.124600   34.462500  1322.000000   12.962500  225.217500
max    600.000000    31.350000   59.970000          8.500000    8.196000    1.499100   44.950000  1499.000000   15.990000  299.160000